119626.38522326066
101040.19958854071
66753.6651070879
58857.19291802357
135832.96907574852
73163.84299441589
84732.26069593559
72322.19153960115
109585.80890983439
100698.68334911042
95422.07839365785
93248.97746608838
122000.81649527981
109985.33689174887
120548.98459152256
117535.21349381446
82320.83458158365
98193.30577263319
107793.61377706353
75517.58042330226
66926.63574465962
54612.21635682544
73570.93055473342
69945.55392476964
107611.19480767334
0.0
96613.51733107468
0.0
80828.23310661432
115348.26969805616
99207.36244366887
43295.38509917665
42190.89159274984
49349.10668913301
64698.613612615656
128024.15927985472
107690.95130045744
108941.32062472391
105940.11199742816
74815.01681623673
79110.15330874594
110682.31769374231
87050.68334141986
47426.431573674956
69240.1062173276
131229.05855210585
47397.50721291342
59729.72653855796
46542.721559631675
50307.41674104353
104723.14573817034
92030.37454038624
81906.85594613504
108882.62794130112
43403.975554497345
54958.28806625067
87080.08042479385
57981.35779592433
103987.59145393148
72535.60377218758
92434.91623485684
64283.95580101022
96301.18968527147
114177.94176093418
69634.26315183863
101246.04040786033
80818.17775052921
85687.92982928544
84627.9454793617
112859.93796983406
51223.92299845776
85886.00968180779
111188.28697006877
65311.070467741854
112984.95650830209
67300.2162656085
58314.40672964014
89471.01846327144
45686.93812040828
99049.1831900659
60673.97860556111
66949.27699839811
37599.58069205332
93071.7511566152
48845.73497343413
90251.44750493603
67864.79889300188
111052.31827057604
71346.54959594799
81512.42528177147
42591.82009225912
65511.574894567224
82329.87670935676
65241.91742302891
85504.52689786656
99838.9250360401
94953.66187826544
44838.07312441845
99075.55954535207
42860.16555880297
104160.47438699927
98860.57161605459
66999.54128001185
115448.16156731597
100140.89717836447
79985.66159897679
70110.6744974483
87470.00414528334
40957.264490875205
89195.8611556564
69951.79195033871
49499.13856907032
44494.6899984669
69102.42720114344
93568.09679038306
83973.68961183795
56495.09639075521
100465.7064354412
68829.75996718091
90595.1737688442
63034.57783438166
59054.42805881422
88224.2982859215
39640.54284683722
53985.38625183926
61309.180697228476
77608.13843893228
68936.58530602299
70192.01541713208
68902.89497762639
116684.62976580545
96131.88021811574
105070.50875518478
107000.86654083023
54309.32153081342
109340.17686057038
81359.66995968421
98490.35839385306
47236.97588581501
40821.214318818114
127758.95176150357
47937.00463056223
96066.23525012132
60915.524365788886
100803.61340361109
42769.91690168451
64566.15714613097
42297.9145678136
58456.78408163227
68487.56514566345
107268.235513538
64217.78214962643
43322.73695544247
59176.276004584484
90569.83312085955
100778.88499382837
104429.26043617625
46673.62948611684
107597.41266469468
57168.12490934034
81406.89067603012
78621.0045288932
49840.73469912511
65711.95901732243
54054.58092841551
93118.10510363457
95719.79478907815
89813.56720728322
46466.07987170171
57351.23248651346
75683.47893267091
47913.01505410624
75859.27961951151
127274.52073980375
91382.89649205554
102182.65327407533
54549.24899275478
48427.22179195125
87638.07050120768
91794.04051743913
57860.228301865674
105735.65572545183
55645.55615012359
46915.19050931056
65554.9600239333
80537.40583988928
47728.35489091075
93515.4938568924
95877.3834508228
72119.56561001824
82618.51522682035
57826.019666192464
92560.81940845338
74531.84231762952
53642.608158506875
71819.4480615655
72660.1357385211
74296.65690808638
56130.96841130499
68418.45726737387
104750.35859478876
78483.4819777033
38057.88734865632
46267.14453868189
39493.172525667826
101835.2112443955
102188.5740243854
73877.22736909818
59221.635436271004
108835.51362142412
76315.4399925049
101978.69686436407
72933.53064661674
66966.6657032155
64937.36114249712
115105.81585858746
47688.76102564282
102559.1083949094
54661.14442203746
51669.465970368496
80027.54715563722
50193.018646502635
85820.19278365851
78020.85038765564
86560.60692204507
75591.56091836079
89173.01835780639
77876.4064698954
45433.31002745449
0.0
55828.9513907877
51355.76186957891
100202.07801903335
107355.50598147405
57150.278010692564
91783.29340765561
74677.03786305689
59053.31368997861
99731.57104557822
87092.85439819797
87753.82306266786
95489.76559706221
80012.13700964989
112039.98186345876
108487.47099901283
106197.10961765437
49357.97988120898
105447.13486020968
56288.42510973845
94137.08010571738
118809.40897166575
94049.56552880134
78345.37466511139
96236.75888999905
99682.28660353478
87341.32704440858
94203.42315890423
116499.333036589
109716.07027877137
102962.08714950274
50226.248053523464
106134.74754579001
55693.62777261562
103733.63189492092
73555.99074579301
113053.42467791999
57003.885874992666
56894.318052625276
105832.98280989574
87603.22232367417
76658.10944731187
75466.3306254848
85320.05449335181
57807.27033311979
53327.47691742746
57637.22722629209
100280.66815463272
81345.14202108567
70872.52896870465
104748.94757546755
79458.18145837363
46679.95830650562
52804.235814406224
105949.11350137345
85822.81062861874
72316.88733075341
110666.91236574973
63780.32955533763
53798.72437129195
84184.90824144769
100407.68858878397
47545.79779512091
63088.20200029282
53601.05472940947
67019.41662863019
45784.07976320643
52753.04766111838
81920.87720879946
40021.34753259707
63437.1021603603
98857.81380030644
120286.4696087548
72849.62480159431
104401.8721537859
123273.99265281792
93327.17254397088
94749.06106441354
54374.05047716867
88421.80228508057
99351.11835950785
73469.95430427177
0.0
99946.60544301487
102342.00290698708
103594.0676132423
43703.25237261546
85322.90216130685
112774.41700874516
76890.99364402694
114318.66118633513
81238.74266274204
76419.27859835718
106862.59078959821
60723.04440100432
102844.73765142802
101540.01754458326
83770.57798394279
100113.12562969478
40458.59844558158
49648.92221652642
116286.71730164354
85899.98255901891
69045.10785813942
105248.71029028362
47597.70950205178
108913.41450261632
55006.980233813374
49383.022910400054
72264.36368756434
93999.89240826883
108513.72264524925
111075.45019451738
86027.12111900575
72019.79673119895
61436.76451859968
100501.97703761315
44009.85093125016
68734.88035645559
46477.17531735808
98072.14014318286
48660.52962631297
46157.359547864035
90871.4401811021
113717.6962970525
84369.01341125013
98443.69835149388
103122.00757016956
89597.39900438825
83920.25466944651
63624.44757739055
59413.95823686272
50590.14031978425
87893.39729335102
48446.14719246556
101320.89172922622
100007.25310532958
43054.762589948885
93382.45803874478
63568.45749603703
89172.9037970332
115298.75779681493
106469.2465524507
94663.45493267826
91677.94434668275
66244.27334624143
56995.80660592833
71816.23334744746
108814.34203593123
44491.36062991063
91448.54573347242
120684.82653693111
99203.76417470477
113204.56474638038
107477.03768288044
122776.60593305303
94853.82669022122
52234.03866345065
50621.181947036894
103163.23581343789
81715.86200672993
96605.27332859003
87145.55647918044
100935.15613030421
74459.17363366227
47822.57438874504
63293.90206486296
46908.16587730028
55363.24083676369
62733.08391631204
100621.7882409512
109258.28396937608
113633.32681752378
78782.6632572475
72207.67295064073
65311.18574174222
42962.5152136529
90810.77849802014
65325.98269997665
42346.04445900533
37963.60511401139
107368.3738623977
56670.42305299098
83190.2437376227
90117.53686696036
100671.81544875221
45745.209749326
72277.02398665583
41626.49651851501
99073.15161348456
96866.4855846201
87743.84207722246
87697.96907799446
45515.19264533891
100761.69275013325
86162.42664170558
50478.639457613426
101518.6207970505
85628.64457719369
108899.81568729287
48720.067382957706
95595.17653370427
57205.45573228201
104441.30382012628
106006.41127266255
87656.30437012955
81792.19738878294
48761.2196204371
70431.79293336104
112224.53967243868
102959.61943535403
56442.11645011448
52506.57713213017
129584.38953773545
59853.27057673251
54211.87597319655
57765.217349049955
110475.00180934099
63013.92242169286
94257.70741953905
82799.19536006989
50124.349711906136
49339.268146245435
92754.49953793811
45840.409566159666
116498.49083314333
81974.4482668957
106728.0642044969
59860.99109552777
76529.62136449221
51846.62279284786
65036.92324280726
76858.54225155328
50686.76318739355
80968.93131005944
69182.04680646787
42914.50049111004
56966.20404223558
86516.8633454836
107289.7591448062
68753.29057555711
87412.53066098377
90810.72974895206
95798.69792166796
39998.97368457261
57547.576520926865
115485.31205574611
119435.1982055951
54434.39190424474
72863.780431543
61450.57847746622
50002.210255738624
56511.76155443549
82824.77576707269
121917.81293359715
90120.35136742007
83265.44322122265
85007.03900378567
133326.83089523093
48088.91851460949
69431.63454437516
64870.190062973044
57972.91531836934
98242.59208759814
68563.2797510804
69766.87391209991
96288.77629167696
68074.881673027
100706.53483870384
93708.46021431558
53486.55092993125
43533.17483834201
38575.014939953966
95447.76305569343
83878.44093100107
98858.99676725063
86011.14049795741
63232.90682819989
103270.99347731115
100706.87818624005
69708.1527752623
111784.20421904106
112115.4061270171
91537.65544592014
94085.7906860991
105305.21559793963
94185.6079489483
41847.35434551707
107860.45577333761
89130.33551923433
81898.48818820332
95179.24789224686
103058.25642781769
98108.72052815037
75829.53863797408
63160.831282440195
112259.2223153933
75234.29520731587
47493.47984913402
92094.20058916205
97422.92176221765
45740.93168446202
115109.61170407772
95882.62156120178
38981.311046331204
79639.85371665582
58590.025112780204
48206.419733922135
99488.46407378324
71030.71405157984
78685.81110343672
102415.14929550236
75855.45872820668
70556.7454784366
51971.73851546266
111285.15864373036
63668.61875749904
86806.31168661684
147622.95554004365
94935.59399538634
109243.47768474412
106694.01406300011
82663.14916071662
101356.95503190107
97884.30188606834
56972.667771385546
123417.74276908618
56311.31596192303
62278.15664188086
45399.38672006323
52342.69365663628
90939.0150318708
67639.063808824
42227.06684699786
91277.22431455734
102131.88477392535
109230.47513573169
72836.55434877156
45534.874197174606
109561.68523026616
61757.17883067403
109355.56641543044
82337.45525667076
47718.91233016888
106529.26713135713
94873.25601597631
101280.86721719323
69665.23694845659
68843.95184904397
115073.80714809411
63798.980799918645
96233.67750217607
113555.04211234815
116163.65656664498
107584.88258714038
47095.65101180662
69191.94692642063
113293.00049218896
59017.572061873754
90658.54951278835
110668.04287520748
99135.25156221047
46181.57890091036
68829.91667165507
77734.76715286504
62577.55694311319
106099.43618213334
60915.42909648441
45814.54837643641
43814.564877173936
71161.54687346323
94507.82631193196
108764.29605510323
47096.0390449431
59580.733675502015
113127.10897491174
126279.76528142829
118858.64203591354
122055.08137434756
61285.728827987754
66238.81265707873
99070.31493442829
84338.30763437046
49058.58784045375
69486.11109237054
43412.729076628566
52980.10815027771
106910.63869211295
115156.4229754189
64065.288978132616
82433.76829717935
107299.03058090968
108546.85057364492
54242.26984244717
95059.82289659076
63128.76531397318
87639.8099717482
44369.573005902275
110512.4561583399
66981.31777922412
90606.43001956207
93622.0601289058
67287.30576250482
82712.19057452325
116779.2373257609
42226.58156430907
59400.28604137085
77379.75345593551
108863.71528820024
43565.941674356814
111145.26978861025
73145.85579420035
70467.26300073837
73344.49640912627
77336.21661350221
91820.76872800264
40854.46516442833
44324.840949260324
52795.6781048887
48796.06668348194
109147.17146077391
93167.91020666968
56653.39838254094
55130.11206072291
49385.211072636004
58370.794369123185
100675.49066281765
91011.32042734833
54852.7871226993
89729.99045746603
51981.63085379354
88219.79620052513
95069.22333976369
42480.05590952121
49431.198486202564
84288.55155035506
96453.0039321974
60497.51494540663
102478.27321194857
79060.76315711606
44533.196861752964
112411.13126513695
129066.97915503044
79871.24656962274
45556.33619063606
69843.0029732092
44694.91480826851
81570.36888187373
83472.11282735888
84197.2185266315
40516.8920309015
123930.4999941713
37508.50470047123
97788.95485185056
46825.148675842625
110859.6789502236
69920.86942641034
80860.83921523868
68184.55814195011
64370.97969144382
49856.835118864634
42924.7880341314
102737.99756636855
49796.10765216108
110785.49347122764
63045.34908855498
105923.45848761423
62689.67051608315
107253.73759493402
54022.74923914451
115337.97996528377
71634.50601581612
64012.62870218209
49135.30910954978
70835.0029247508
47340.09161140556
41216.001580541175
93523.85956033343
38616.32739954237
54260.81835524613
94240.20822918334
100157.48573249657
92599.82814246368
50115.05815361416
79864.89860348555
62834.56537479171
55361.087765357086
67956.99573211157
41213.703282627604
94733.17852742133
101131.25861294237
79706.0487385597
